0.4d0   0.003d0        ! recombination fraction - r2
0.5d0   0.005d0        ! as many lines as loci pairs
0.3d0   0.011d0        ! r2 has to be corrected for sample size
0.25d0  0.012d0        ! That is, observed - expected
0.4d0   0.013d0        
0.4d0   0.003d0        
0.5d0   0.005d0        
0.3d0   0.011d0        
0.25d0  0.012d0       
0.4d0   0.013d0        
0.4d0   0.003d0        
0.5d0   0.005d0        
0.3d0   0.011d0        
0.25d0  0.012d0       
0.4d0   0.013d0        
0.4d0   0.003d0        
0.5d0   0.005d0        
0.3d0   0.011d0        
0.25d0  0.012d0       
0.4d0   0.013d0        
0.4d0   0.003d0        
0.5d0   0.005d0        
0.3d0   0.011d0        
0.25d0  0.012d0       
0.4d0   0.013d0        
0.4d0   0.003d0        
0.5d0   0.005d0        
0.3d0   0.011d0        
0.25d0  0.012d0       
0.4d0   0.013d0        
0.4d0   0.003d0        
0.5d0   0.005d0        
0.3d0   0.011d0        
0.25d0  0.012d0       
0.4d0   0.013d0        
0.4d0   0.003d0        
0.5d0   0.005d0        
0.3d0   0.011d0        
0.25d0  0.012d0       
0.4d0   0.013d0        
0.4d0   0.003d0        
0.5d0   0.005d0        
0.3d0   0.011d0        
0.25d0  0.012d0       
0.4d0   0.013d0        
0.4d0   0.003d0        
0.5d0   0.005d0        
0.3d0   0.011d0        
0.25d0  0.012d0       
0.4d0   0.013d0        
0.4d0   0.003d0        
0.5d0   0.005d0        
0.3d0   0.011d0        
0.25d0  0.012d0       
0.4d0   0.013d0        
0.4d0   0.003d0        
0.5d0   0.005d0        
0.3d0   0.011d0        
0.25d0  0.012d0       
0.4d0   0.013d0        
0.4d0   0.003d0        
0.5d0   0.005d0        
0.3d0   0.011d0        
0.25d0  0.012d0       
0.4d0   0.013d0        
0.4d0   0.003d0        
0.5d0   0.005d0        
0.3d0   0.011d0        
0.25d0  0.012d0       
0.4d0   0.013d0        
0.4d0   0.003d0        
0.5d0   0.005d0        
0.3d0   0.011d0        
0.25d0  0.012d0       
0.4d0   0.013d0        
0.4d0   0.003d0        
0.5d0   0.005d0        
0.3d0   0.011d0        
0.25d0  0.012d0       
0.4d0   0.013d0        
0.4d0   0.003d0        
0.5d0   0.005d0        
0.3d0   0.011d0        
0.25d0  0.012d0       
0.4d0   0.013d0        
0.4d0   0.003d0        
0.5d0   0.005d0        
0.3d0   0.011d0        
0.25d0  0.012d0       
0.4d0   0.013d0        
0.4d0   0.003d0        
0.5d0   0.005d0        
0.3d0   0.011d0        
0.25d0  0.012d0       
0.4d0   0.013d0        
0.4d0   0.003d0        
0.5d0   0.005d0        
0.3d0   0.011d0        
0.25d0  0.012d0       
0.4d0   0.013d0        
                  
